
% symmetric matrix
a = [1 3 5; 3 7 6; 5 6 8]

% calc svd
[u,s,v] =svd(a)

%u =
%
%  -0.363036   0.303314  -0.881025
%  -0.608532  -0.793215  -0.022331
%  -0.705616   0.528025   0.472542
%
%s =
%
%Diagonal Matrix
%
%   15.7470         0         0
%         0    1.8588         0
%         0         0    1.6057
%
%v =
%
%  -0.363036   0.303314   0.881025
%  -0.608532  -0.793215   0.022331
%  -0.705616   0.528025  -0.472542

% for symmetric matrix, \sigma = |\lambda|
[v, l] = eig(a)
%v =
%
%  -0.881025   0.303314   0.363036
%  -0.022331  -0.793215   0.608532
%   0.472542   0.528025   0.705616
%
%l =
%
%Diagonal Matrix
%
%   -1.6057         0         0
%         0    1.8588         0
%         0         0   15.7470
%

% smallest eigenvalue -> largest eigenvalue

b = -a;

eye(3)*20-a
%ans =
%
%   19   -3   -5
%   -3   13   -6
%   -5   -6   12
%
% all \lambda greater than 0, eigenvalue is singular value

[v, l] = eig(eye(3)*20-a)
%v =
%
%  -0.363036   0.303314  -0.881025
%  -0.608532  -0.793215  -0.022331
%  -0.705616   0.528025   0.472542
%
%l =
%
%Diagonal Matrix
%
%    4.2530         0         0
%         0   18.1412         0
%         0         0   21.6057
%

[u,s,v] = svd(eye(3)*20-a)
%u =
%
%  -0.881025   0.303314   0.363036
%  -0.022331  -0.793215   0.608532
%   0.472542   0.528025   0.705616
%
%s =
%
%Diagonal Matrix
%
%   21.6057         0         0
%         0   18.1412         0
%         0         0    4.2530
%
%v =
%
%  -0.881025   0.303314   0.363036
%  -0.022331  -0.793215   0.608532
%   0.472542   0.528025   0.705616
%

% orignal eigenvalue
-(diag(l)-20)
% ans =
%  15.7470
%  1.8588
%  -1.6057


%[v, l] = eig(a)
%v =
%
%  -0.881025   0.303314   0.363036
%  -0.022331  -0.793215   0.608532
%   0.472542   0.528025   0.705616
%
%l =
%
%Diagonal Matrix
%
%   -1.6057         0         0
%         0    1.8588         0
%         0         0   15.7470
